0003 206561529 7
0007 4700242 70
0013 109296310 1192
0202 998460 4
0205 1096713 50
0304 852731 18
0317 3097542852 1796636
0318 7735482750 3816931
0406 497276 33
0407 498178 56
0409 1378853 147
0417 2560286010 6920
0504 1122854 24
0508 1327474 464
0515 355771580 134799
0516 1006400597 258776
0600 1602703 1
0601 430272 2
0603 402629 11
0608 1056751 500
0613 46887033 38508
0809 1365332 145
0810 3307266 240
0814 118673056 1640
0815 321389779 2661
0900 640601 1
1100 344939 1
1102 462422 4
1103 416450 7
1104 475643 12
1109 1379455 161
1110 2932280 254
1208 852130 108
1212 23270146 687
1403 314291 11
1409 1417614 1507
1413 51543105 26530
1501 467531 2
1503 447700 7
1508 784225 526
1511 7746098 5580
1603 301071 7
1608 877370 92
1612 20958335 621
1618 6907966253 11187
1706 1084093 111
1707 630986 252
1709 1296224 1375
1713 48727106 12858
1802 518610 4
1806 343737 113
1807 455512 448
1809 1196169 1007
1811 6586888 7590
1812 19248364 10457
1814 120152566 95720
2000 444995 1
2004 273127 12
2011 7039395 392
2015 310695475 2661
2102 534835 4
2111 10855355 3270
2112 17676610 13651
2304 468732 12
2416 1045817663 4808
2418 7369118126 13029
2600 1078985 1
2608 11854416 682
2610 18269134 3690
2615 442035716 233613
2616 1160628185 605224
2617 2672868853 886898
2706 987042 93
2707 934159 334
2710 18875481 3862
2712 34200618 6691
2714 161512467 78234
2811 24590408 384
2902 777915 4
2903 710009 9
2907 889991 252
2910 12872405 3338
2911 16100047 3790
2914 143418205 41982
2917 2484985399 773008
3004 1083192 18
3009 23796267 1007
3010 14753944 4542
3015 430717638 150707
3017 2290618718 875888
3201 931155 2
3202 701897 4
3205 678159 20
3207 790535 56
3216 841144885 4288
3301 1051943 2
3305 762591 84
3306 775811 85
3307 10845139 190
3311 22315855 3270
3507 12108913 60
3606 1772769 41
3607 2053407 70
3611 27930425 416
3614 156072470 2044
3813 98637161 26530
3814 177703555 46084
3905 1121952 48
3907 831399 334
3908 7695319 526
3916 1056065769 540150
4005 1071173 20
4010 13781927 242
4101 926647 2
4102 671849 4
4108 8819074 464
4118 6145132383 3071375
4200 1077783 1
4203 647812 11
4207 14751841 448
4208 7065235 500
4212 50493867 10457
4400 772506 1
4401 590122 2
4403 583512 7
4406 667342 33
4412 38789986 625
4413 115542165 1014
4500 990047 1
4501 601540 2
4503 716920 9
4508 1395980 846
4509 8530323 1313
4512 60349861 13651
4513 94311606 50724
4516 881745799 565412
4702 992450 4
4703 615962 7
4706 676957 35
4801 609653 2
4808 13689081 108
4810 11064482 280
4814 171832686 2044
4815 416249139 2933
4817 2585290766 8012
4818 7275438107 13029
5001 913126 2
5003 655023 11
5005 578103 50
5006 611755 79
5007 755079 284
5018 6341492978 1889329
5102 1163717 4
5110 15203146 3862
5113 66891077 36320
5115 430626596 220297
5116 1018103877 540150
5202 1144187 4
5204 701897 12
5205 713916 20
5212 26791946 621
5301 753577 2
5305 759586 50
5309 8613554 1375
5402 1282703 4
5405 1300732 60
5411 24812454 7590
5613 89433786 1014
5704 862948 12
5706 677859 85
5707 16210019 190
5708 5075828 846
5709 13081231 1313
5710 11293740 1718
5713 122355608 50724
5714 130423208 42450
5716 832867256 565412
5901 881877 2
5908 12832143 94
5910 5877480 254
5911 40382774 420
6002 1187755 4
6009 11630566 177
6010 13376593 280
6011 21690579 416
6016 1064260468 4808
6200 945577 1
6202 763493 4
6204 620470 16
6212 44043992 9673
6304 801952 18
6309 2473463 975
6400 636695 1
6403 643606 7
6407 925145 56
6410 9855393 242
6418 7182237637 11187
6504 1010779 24
6506 703098 111
6513 64358721 12858
6514 153118856 41982
6515 327110413 134799
6516 944168897 258776
6517 2379732504 773008
6613 65976148 38508
6615 341127006 150707
6616 864112157 638702
6617 2335315930 875888
6805 1103023 20
6808 15250019 90
6810 11423242 240
6914 192741443 42450
6915 369905356 131717
7100 875868 1
7105 651718 20
7109 9813027 161
7202 549558 4
7204 642103 14
7205 578703 22
7212 44870884 687
7217 2554276925 8012
7401 1632150 2
7406 740056 79
7408 17533886 682
7411 27040134 8856
7412 26414857 9673
7416 1079805849 605224
7417 2543266228 886898
7513 100093536 36320
7514 147524718 78234
7601 982534 2
7602 661633 4
7604 652619 12
7606 613859 33
7611 18196421 384
7613 94170686 1016
7614 199378509 1638
7700 1010178 1
7705 689878 50
7710 16110263 3338
7712 39607563 10857
7801 953690 2
7804 672450 18
7805 702197 60
7816 792309609 638702
8002 1018290 4
8003 817276 7
8004 661933 12
8007 867155 56
8011 15501813 392
8016 858739466 4288
8104 1249051 12
8105 679361 84
8305 700694 20
8400 737652 1
8401 848526 2
8403 659530 7
8404 563380 14
8405 781521 22
8409 13941776 177
8415 397682841 2933
8607 1174534 284
8610 10574416 3690
8611 21310184 8856
8614 170783748 46084
8615 382401573 233613
8618 6565302045 1889329
8701 1092807 2
8702 643906 4
8703 710009 7
8705 557671 48
8706 687173 93
8709 16704891 975
8712 32496656 6691
8717 2692027678 1796636
8718 6886305421 3816931
8800 903811 1
8808 10040182 92
8809 4525969 147
8813 76638602 1016
8903 1007774 9
8911 26910331 3790
8912 39981648 10857
8918 6190999322 3071375
9010 4023284 4542
9018 5583448889 3697913
9206 1013783 33
9208 13492875 90
9209 9189554 145
9212 46341981 625
9214 171007296 1640
9302 1039624 4
9303 585615 9
9310 23430897 1718
9315 382685817 131717
9501 902009 2
9506 639700 35
9507 1170929 60
9508 1029107 94
9511 27680734 420
