0 35
1 3721
2 127349
3 8261639
4 733684909
5 24972550783
6 3114782751631
7 158455183756267
8 11351719189836679
9 499045637634595453
10 35527151185972209497
11 2798529228292810602277
12 140213938952971287505757
13 7909353081457310729267737
14 680050064407484628402132353
15 63020603256976448430708136753
16 2191094542174757282197509342589
17 170692713552992873434237591693373
18 12314916317344429430773537415816089
19 951498317942703885452884207346240539
20 44865629542850078469763462600046090671
21 4503798916229119917260719288242725595571
22 281905772060300999205112140892608968890223
23 9904188375865000307012762907758181062843137
24 875610070150757703874175327577761780731901107
25 71798519040137709327999831671903370845722106227
26 3618990330103181408132988720321351364715564436133
27 242223517375361530539835679837133059192185381473127
28 12246591573276599109099067634806338994053830132276791
29 960715803005822199488311731223233405377362558020092449
30 34075112504583857683392773950375799237471781892101495523
31 2569220021052105725083364894983530391913495959845585330349
32 233299385311495614011912828586390487214562497756559438027451
33 13959877726759642989591904271691636573327280227544496244617009
34 700455170101764134335309449779601119611894878526119758065653889
35 72772444106408605196691805056473301577418714240310042099181441921
36 3807919749481045808778744058303108899581176838553736451198640624349
37 266924831464120911876183765129693313753964892560220212886138189124339
38 15058634702913295360773357713545969458903470787499844899237213983135253
39 1389183294232475708075313738419869313964280940688789873285817042746251561
40 45745598516560688659174717474373589265411728376346952077673252539944217737
41 3496501894796400894145792415284021386938921882035287255905143295324395123921
42 204303851325532295568389722545154568489523720441137299344590399816135333720221
43 14955866818535953881037507586688916346798894777248061621674210521556941773150977
44 949549995682538424619340285568558435773010331739898164203264351762386369148154171
45 99913717560342195043305638717954623562439361806656362118617802566148481265931481961
46 3451244646621254182445324439515071864796719988947652411827802566526983600038997569361
47 272097800579679095434047270198837422561944589345093126719032978686066827995095173090007
48 15399063063781516891415489042016934751871169350639858240035549855412965364162043758166571
49 658568121222754314517634932955920512059293639043803347527317356455167116136771900206602351
50 54290080293085629164476150182822600738604410535018781053588821254707018063359177949937386919
51 4917764188440141010541122086120617613473796572888775989631977206681113906887288057928184996541
52 168317839192353887350190681912785123831499845646327278099200888672863619592375325773502311552507
53 19037316656799079015456593766715304643498857404172384281827619537767994807365821402359296117446457
54 1118263173707036168015726860618549425199298293966852536910299207005667952709865650014079527390343431
55 91179284448457191562547184616837396569688389329828458020129881818626806851635748958074851251208349079
56 5078165121044875744231708597781324229267917949462546391781385987643234045021098588737018134198410112969
57 223962922600934378612621650259734891933736896288908355222681624296982311327487556577768793056763668797161
58 16722002700527061422370627625950962088779804347489736925319345307820988850330250170571718159134821770441219
59 1127615109092275550862351629710272633058141774371127000724694377227212132433355565833605071606500078345691167
60 85983182167752388267518698664550691697391979103178713492114640492751286540325598313889053827876910907014289487
61 4174659761515232482681753025249778136815816919986077183045078137501418986738814739018963652288825819341619340321
62 520507818463808542511535733403854761023271444561892452528845954992539641135694171618944955428094498749430415969229
63 20228330383000263456249937303784098694453247764530448383102901356383357395040448807648178936624748859344708145408643
64 807960880038341691289045401451785283508978532989918963044360814441653486320671637267320361281592826506404721349704911
65 111145657951905323327832630261913220607482694332392253976241257029790969548510857815826646247675317731623596650072263049
66 8741104957559484915700542826582673070945693739423234975405111394727437882180018338863712183627425036550169910659717081153
67 468217781035696741791110733905386030000316199977548825168892399619328680107403287186529606882559465332440413115747848736453
68 14795944436348813948725589958761703060945962429992421306770958393688674232073496480236571640530757056686915946764297572635497
69 1223360033613969732946806784030771143622567448081700120629727099945308731730243238943852373226996955964787136237606022056599619
70 86377220963518988598134179129141318359505757377902187987074062163415004411048282702782030543188869779277377742013972660157282381
71 7321671311584012100842626965166805701255399791095749020968016792478999732136170586121706440945754008503217675620674020010810249479
72 366427247853310400947893141156793396217223512317558287398985684837245960395093408002394386358656691395109185888995642406495245205727
73 18630193760893575692238143519928386189987512957789262465243595091672215667019889413283992798491346302121645748289601909190470070737197
74 1765200588578516060770942203080825272151885083788631488340521099995276128889513647170999416467816892029794498173037598768237017751364839
75 81569391588399770705261206530824381389175873143740201287017157575231672164353877704005319578232556903300979928919422049963240886273149211
76 6630071404787931251859873124704439987008895389113884154105857747405145730062053888533858495654118206237404019325399499799365322281494302061
77 598103332304430137544107456908274407863891762703722918386155349998028627474459193880813326080154700755136949627412393367429040200373157937661
78 41410274797528285416781231766919692077532469579596939001202390735218187539624223640935122370906774794775531142083722078367364328171201884464213
79 1730571073470716728097862463121731670356402873765112495904038721202562174781737508598016105723789398644275301035180852277260598752123548015034357
80 92246005980235256226218829056432548498503489692740196876526533119214898321801069080469507963990411011873661892298630650534960377808984513147532377
81 8058764038680641026133969976419068575195884636393427645913572320695916735394176247214409887286842836343737238356418283347927632836401200210381757177
82 577417333216676844237474137116328824337556359065571267838164192185790133194715855321569799164920088079670839414169202257373711889964041244852583412011
83 25181973050003295434053305750535004645003405412042128671765200549098625755285827081736280791461471027822948087448631982944344182102031319067188985416193
84 2664395793367124153115910218779014516752383611321674089984587108919064424812732497770826817467414505040652708876455238635398195321155593670472569932847833
85 88953628716770728481733174547530335551793956044093619210165544711413836464429507778621401749827460867586782376016247004541345656872684469470631781886701053
86 8127658690538381481303540605759883131561752825908809452145359728999733374683107597600916922237116767490006112332086046666916856072007144382450702538073450309
87 696012209882141110837620542756562272632173042802499576514905830943922367386992348831106055772826437181619634659551317687406870210674971852487772422344224782167
88 42051643638369296308864654932103847428049621980631408495293190757396724592119180133049737221182096100237679213440075874329925342238278046354083952312701367714871
89 2132872359550739463447028580189820575731831824602358392710598727904371627423843945645329710671017896000258825054849448242268222814898793052310378153057328662547063
90 76728248639763192161678701418525919846473198136040923721198052605183755254302710072643773712713693780534236633698889176771004912053216791781929506553230842904606221
91 8176799062822217024365811615177298542066960590111805037348491046428624176506906322560673173000808373262212477715899148356018918149882347590390736759278232734279364757
92 495510946557049915991987105848477228632562431830936724056610317909896845281557002458200717902001582557210517724311133212186888699240816358644286258996754752656437033439
93 21163237760363358282787195141175961766135176018903141846041638566721071487044462616667989034422494606481725810681707116268885353305135760805044776836709039800962025330417
94 2716172425932147008251201198059106492736718448740921304734468567664971127216233223412429052150366468167472739360684609435714969684617882268269221953772701046112801747655763
95 207764194763360235994539449113947353029419658509168831383053657716225809070618693094925248815657091734661252105305131002249865520896538657188026872406626418456722581947380401
96 5527261504756276559457008546055892003274422578310917301160237083533533181120935627047770012601190634346822470716671326052319104348927847494250959097656135453069194265879677203
97 481241808395026761845489236017965494476607821373538347804866822014728064690729243617327416310993738576361395108209512389355076370918337945729406190309149503395868108451345755771
98 30701405741665434667142445742855787707859316946067082338815673921304419229507457277959913316373893057193908891633984112946815027831215251820226466050494301508773480776837045666503
99 1996871633505369198621801987597837850388971275781846127275734863565113697137804765275306945990899865917156452597683962685325697279774625172927916976838864400839638324145228978907541
