Java
10000  0.102600176 2268
20000  0.080977604 3201
30000  0.102316234 3983
40000  0.104689334 4539
50000  0.1062276 5218
60000  0.079810877 5787
70000  0.105537381 6354
80000  0.135313068 6738
90000  0.184966146 7190
100000  0.207587799 7587
110000  0.175873987 8040
120000  0.102322654 8432
130000  0.107253867 8803
140000  0.156291487 9233
150000  0.130875354 9629
160000  0.173850529 9994
170000  0.146236874 10301
180000  0.161283112 10632
190000  0.159432963 10872
200000  0.165808802 11149
210000  0.173815036 11456
220000  0.192579318 11791
230000  0.192083932 12086
240000  0.200798509 12297
250000  0.209480614 12530
260000  0.2173041 12778
270000  0.235246764 13077
280000  0.232393382 13274
290000  0.254684274 13439
300000  0.280989988 13649
310000  0.2903204 13834
320000  0.266843526 14021
330000  0.296799318 14220

My Implementation
10000  0.8764 0.020739788 2268 0.70875
20000  0.6467 0.032003039 3201 0.5001562
30000  0.5691666666666667 0.032373823 3983 0.6223438
40000  0.557225 0.043303293 4539 0.70921874
50000  0.52246 0.068485703 5218 0.40765625
60000  0.46408333333333335 0.061150052 5787 0.45210937
70000  0.43057142857142855 0.062514254 6354 0.49640626
80000  0.40375 0.071748005 6738 0.5264062
90000  0.38635555555555556 0.080179397 7190 0.56171876
100000  0.37214 0.089409372 7587 0.5927344
110000  0.36385454545454543 0.098061649 8040 0.628125
120000  0.358775 0.110136699 8432 0.65875
130000  0.3587153846153846 0.116585411 8803 0.68773437
140000  0.36497142857142856 0.125586195 9233 0.72132814
150000  0.37212666666666666 0.135559629 9629 0.37613282
160000  0.3558375 0.147402467 9994 0.39039063
170000  0.3411529411764706 0.152465077 10301 0.40238282
180000  0.32845555555555556 0.166118419 10632 0.4153125
190000  0.3157526315789474 0.171663956 10872 0.4246875
200000  0.30539 0.181877908 11149 0.4355078
210000  0.2956142857142857 0.26273884 11456 0.4475
220000  0.2871090909090909 0.216803804 11791 0.46058595
230000  0.2801565217391304 0.226969427 12086 0.47210938
240000  0.2726458333333333 0.235653797 12297 0.48035157
250000  0.266068 0.22669568 12530 0.48945314
260000  0.2602346153846154 0.251894703 12778 0.49914062
270000  0.2554740740740741 0.288764765 13077 0.5108203
280000  0.25075 0.283814674 13274 0.51851565
290000  0.2457448275862069 0.265016788 13439 0.52496094
300000  0.24216666666666667 0.270182478 13649 0.5331641
310000  0.23792903225806453 0.278723745 13834 0.5403906
320000  0.23416875 0.286703549 14021 0.54769534
330000  0.23137272727272729 0.322310601 14220 0.55546874
