Java
10000  0.154718483 2268
20000  0.149544863 3201
30000  0.127136544 3983
40000  0.117529364 4539
50000  0.123564247 5218
60000  0.114843628 5787
70000  0.131481372 6354
80000  0.124246536 6738
90000  0.113834731 7190
100000  0.227615091 7587
110000  0.186236707 8040
120000  0.161669 8432
130000  0.165021167 8803
140000  0.17765806 9233
150000  0.197069893 9629
160000  0.21521683 9994
170000  0.216485503 10301
180000  0.222431654 10632
190000  0.242830863 10872
200000  0.267833167 11149
210000  0.275400274 11456
220000  0.280735498 11791
230000  0.354832437 12086
240000  0.428501953 12297
250000  0.348147359 12530
260000  0.326645235 12778
270000  0.338260392 13077
280000  0.35699409 13274
290000  0.383282813 13439
300000  0.377349877 13649
310000  0.405455522 13834
320000  0.662961461 14021
330000  0.415069875 14220

My Implementation
10000  2.1644620811287476 0.026039896 2268 0.70875
20000  2.1162136832239926 0.054598261 3201 0.5001562
30000  2.1202611097162944 0.047557879 3983 0.6223438
40000  2.328927076448557 0.058568907 4539 0.70921874
50000  2.4093522422384055 0.097469601 5218 0.40765625
60000  2.2721617418351476 0.095095748 5787 0.45210937
70000  2.193893610324205 0.159121459 6354 0.49640626
80000  2.149302463639062 0.114251581 6738 0.5264062
90000  2.1175243393602226 0.133502943 7190 0.56171876
100000  2.1271912481876893 0.135292678 7587 0.5927344
110000  2.158457711442786 0.17696633 8040 0.628125
120000  2.1911764705882355 0.179924302 8432 0.65875
130000  2.259229808019993 0.221496385 8803 0.68773437
140000  2.416224412433662 0.23982947 9233 0.72132814
150000  2.6228061065531207 0.248917852 9629 0.37613282
160000  2.5588353011807086 0.244289082 9994 0.39039063
170000  2.5077176973109405 0.299085951 10301 0.40238282
180000  2.4556997742663658 0.244451065 10632 0.4153125
190000  2.4201618837380425 0.308916659 10872 0.4246875
200000  2.3837115436362004 0.315312509 11149 0.4355078
210000  2.354661312849162 0.35047024 11456 0.4475
220000  2.3203290645407515 0.350110027 11791 0.46058595
230000  2.2937282806553037 0.336704379 12086 0.47210938
240000  2.2722615272017563 0.409172433 12297 0.48035157
250000  2.259616919393456 0.409915135 12530 0.48945314
260000  2.244013147597433 0.468440242 12778 0.49914062
270000  2.228645713848742 0.480701063 13077 0.5108203
280000  2.219677565164984 0.447040065 13274 0.51851565
290000  2.2179477639705336 0.432423891 13439 0.52496094
300000  2.2084401787676753 0.456802807 13649 0.5331641
310000  2.207893595489374 0.477650206 13834 0.5403906
320000  2.2066899650524214 0.436820448 14021 0.54769534
330000  2.2054149085794656 0.528382034 14220 0.55546874
